Size		Count   	Quick   	Merge   	Shell   	Heap    	Selection	Gnome   	Insertion	Bubble  
1000		0.000167	0.000221	0.000522	0.000293	0.000597	0.004745	0.007708	0.007830	0.008312	
1333		0.000158	0.000241	0.000554	0.000324	0.000646	0.006519	0.011526	0.012011	0.013663	
1777		0.000120	0.000327	0.000726	0.000450	0.000877	0.011455	0.019959	0.020862	0.024211	
2369		0.000177	0.000441	0.000987	0.000678	0.001199	0.020206	0.035731	0.038829	0.043007	
3158		0.000178	0.000601	0.001343	0.000936	0.001673	0.035844	0.063298	0.068404	0.076385	
4210		0.000206	0.000817	0.001827	0.001313	0.002300	0.063578	0.114726	0.118251	0.136095	
5613		0.000266	0.001146	0.002518	0.001729	0.003176	0.112845	0.201169	0.214734	0.240677	
7484		0.000305	0.001523	0.003384	0.002454	0.004390	0.200599	0.357320	0.375963	0.428342	
9978		0.000381	0.002143	0.004615	0.003442	0.006061	0.356829	0.635526	0.680216	0.763611	
13304		0.000486	0.002911	0.006274	0.004781	0.008339	0.634326	1.149680	1.190161	1.355544	
17738		0.000604	0.003985	0.008532	0.006855	0.011471	1.128044	2.029615	2.133218	2.408102	
23650		0.000772	0.005400	0.011626	0.009528	0.015823	2.003780	3.611063	3.804339	4.288689	
31533		0.001004	0.007283	0.015754	0.013286	0.021681	3.561810	6.418656	6.708480	7.630063	
42044		0.001213	0.010336	0.021445	0.018660	0.029815	6.331199	11.327983	12.014251	13.534688	
56058		0.001577	0.013614	0.028936	0.025514	0.040874	11.255995	20.334862	21.243542	24.097763	
74744		0.002073	0.018466	0.039189	0.037087	0.056202	20.037874				
99658		0.002604	0.024817	0.053212	0.053521	0.076939					
132877		0.003464	0.033679	0.071859	0.075743	0.105392					
177169		0.004758	0.049200	0.098333	0.101466	0.145319					
236225		0.006330	0.063395	0.132242	0.137893	0.198810					
314966		0.008479	0.086085	0.179120	0.196466	0.275073					
419954		0.010931	0.116547	0.241721	0.267953	0.385188					
559938		0.014595	0.157402	0.326146	0.386303	0.535924					
746584		0.019606	0.213837	0.442888	0.512333	0.756425					
995445		0.026036	0.290436	0.597112	0.778391	1.072899					
1327260		0.034798	0.398690	0.810612	1.176986	1.508728					
1769680		0.046418	0.538869	1.090219	2.088846	2.124779					
2359573		0.060436	0.737635	1.469620	3.668399	2.989991					
3146097		0.081042	1.001075	1.978875	5.662303	4.192671					
4194796		0.109081	1.362509	2.666024	7.499807	5.864064					
5593061		0.145089	1.842117	3.634744	5.022206	8.192365					
7457414		0.193299	2.503642	4.888221	7.957599	11.432685					
9943218		0.256733	3.369446	6.582982	9.975333	16.102373					
13257624	0.347030	4.632527	8.866920	14.577497	22.205019					
17676832	0.458485	6.199698	11.936932	19.889772						
23569109	0.611619	8.386960	16.180185	26.012316						
31425478	0.816198	11.483638	21.842098							
41900637	1.088322	15.556179								
55867516	1.453072	21.159044								
74490021	1.941283									
99320028	2.590990									
